85
316
4217
5
141
3210
4310
3392
1378
3343
2302
116
858
582
115
1500
1267
3094
3153
2688
4074
513
388
2430
2053
716
3727
4157
1475
1825
4410
1480
2234
1572
3517
3722
1393
3381
2615
4035
1634
4427
2095
4125
4198
3888
1675
520
2574
515
584
3660
3325
4289
1256
1176
1429
3051
1698
4416
1694
1176
3034
797
554
1042
2253
238
770
3408
48
1149
3056
1791
845
4342
1049
104
2860
539
3153
2228
2572
2528
4300
3213
3807
3010
289
1406
185
1705
1159
4091
4175
3885
3384
3367
647
1723
305
311
3739
3033
201
2854
3672
3973
1392
307
2442
2092
1236
3439
3712
534
3163
984
3133
4147
3650
1564
1036
3039
3822
2571
4181
3812
3767
2865
1108
618
2581
1498
565
611
1950
2528
403
3595
3734
3827
421
2283
1107
2762
445
4245
3669
3308
665
1035
1183
4187
1529
3348
1253
1470
0
3364
3235
2315
2770
1101
4335
4145
1999
1121
2832
4030
1769
532
1618
1232
2872
3447
1330
1064
1480
2441
1936
1535
1316
165
2471
566
3648
2452
3165
2801
3553
3179
3411
3323
1143
2102
624
3322
1807
4065
745
3584
2092
1184
2280
374
4035
20
3563
179
2086
4251
660
154
1379
2226
1293
2416
624
596
627
1456
4194
3867
734
2409
346
1339
3387
398
2208
702
3441
3722
3406
2707
2824
2372
4097
1197
719
1597
3494
4087
2022
3137
2537
3395
1493
4118
3389
981
2306
1863
280
2088
2241
340
3858
2575
2275
276
371
2995
1423
3456
3074
2416
3348
1801
1098
2751
402
2757
819
3287
2795
2316
898
4422
2026
3633
3863
318
4254
1758
976
1883
1729
2346
4160
3181
1043
2279
1598
2183
1052
3582
1423
3485
448
4372
333
3912
3737
1611
4294
3284
4432
4319
2489
2550
4363
3254
3465
1775
3882
2907
2678
1930
64
2115
982
847
3785
3078
1723
3097
3642
1726
2656
3105
1932
3717
281
3615
1421
2017
2556
2752
3820
2550
1483
2338
3198
1856
3789
3460
2122
3433
2059
3957
1187
1428
4415
4327
4319
4271
712
1353
1636
1926
2424
588
4293
892
382
536
44
1031
2669
461
2948
4158
326
3326
423
3393
544
566
156
3546
3214
3837
2844
3534
1377
2436
1250
1906
2463
1390
3530
968
2609
4435
4133
2943
3862
3281
3810
440
4125
3594
4312
2645
3362
449
4392
3777
2731
1103
4448
2526
4092
2000
3392
3299
518
2932
3103
2377
4221
778
2513
181
1891
1951
1423
1885
755
2296
2388
829
2251
2890
1055
2216
630
2305
2233
224
3617
136
107
808
3040
3325
2103
3663
4167
4171
3962
738
1771
3215
3588
1637
902
2790
3656
3131
1438
1586
3862
1525
3204
4382
1738
138
3923
3637
3158
3841
4117
2737
2480
3161
987
677
2854
1893
667
2973
4223
3605
1661
54
2198
3780
551
3315
1168
1959
218
893
2489
173
627
1743
3748
1405
2084
4073
3595
1634
3019
4076
1843
44
1231
3726
1735
692
1185
3404
2201
3706
13
3833
4210
2196
948
3036
4144
393
3733
751
2151
2685
112
648
4395
2886
4169
1672
400
483
550
2967
3633
3651
1713
1503
1487
3140
2553
2280
1058
2264
423
2256
3189
1772
2724
1201
1116
1835
4065
4132
2399
2581
1543
1176
3549
930
4204
1487
4014
2741
2866
393
943
517
4444
1366
3630
3891
2888
2048
694
1127
2615
2323
1919
860
1909
1861
0
3150
3212
2050
164
1323
744
13
3664
2440
3212
686
943
2359
4082
4242
2875
4009
2693
2307
2980
1954
2315
4328
1017
4364
1698
2654
1357
1496
887
4259
550
2756
1658
3413
2957
3653
1629
4147
4160
4082
2511
3843
349
516
1665
2152
3309
1303
2014
2088
1057
4335
3610
3153
1193
1823
3660
3457
2031
2440
1872
2414
2393
3370
587
1402
306
3004
656
701
19
1540
2882
4248
1973
1297
4416
749
4051
1217
2426
3766
2360
3325
2532
2884
1181
4318
1311
1831
3378
8
2142
35
1786
4123
1128
3613
1999
3502
116
1304
961
3551
3311
2823
2453
2253
1807
3290
1279
1374
755
3815
2732
2916
2210
4458
2680
4096
133
1391
1088
3522
4330
1319
2808
2594
1725
957
899
603
1436
2892
2905
919
2143
2110
373
3517
997
4073
3083
2560
1527
1077
240
3241
506
4167
782
2222
1891
2911
2199
3246
2821
944
2498
3689
3732
3198
2976
3745
3245
869
950
569
2887
3445
1849
3142
4056
840
3414
3942
1802
50
1712
1779
1459
3154
2774
182
3884
232
3949
3194
4279
1334
3464
1140
3143
2375
3519
1720
2672
1064
2298
1410
4216
3631
2571
1526
3934
4129
763
630
2178
594
1052
4066
3252
3299
2239
4236
896
1710
1222
3239
701
28
1774
4172
4384
1224
336
2953
459
1759
3434
4048
1563
1508
3926
821
1046
1481
931
88
4354
300
4165
1327
4258
280
964
4022
1791
232
830
2015
3647
1399
2349
4284
1672
3952
3400
1490
2892
1976
3195
291
264
3551
2261
132
2654
3236
1686
2293
2603
4390
1990
1869
554
3218
3365
4404
4126
903
575
1068
980
3656
4018
2920
515
4228
3135
1059
1171
3212
2264
1597
1017
471
3167
2968
2714
1912
1057
693
2684
2205
1417
2077
1894
1803
1738
2078
3207
2442
275
2886
3394
680
1284
904
3709
2434
1095
316
3876
532
2659
3659
845
1516
710
2191
4155
3043
3309
3979
4336
2117
3803
180
4349
1236
1282
2916
3968
1633
772
1873
2902
2272
3692
3669
942
1649
3821
1642
2339
3663
1634
1139
887
3871
1491
1422
496
2135
3960
2375
3011
921
333
473
2954
286
1385
1426
2797
370
1340
1291
3304
153
4302
3448
2777
2474
3138
963
3680
3738
934
1098
1093
3628
1639
1201
2204
1201
2385
246
2049
2695
2884
2846
3041
1739
4392
3294
4451
4376
2900
506
252
3924
3540
880
2426
489
1532
4332
249
2262
1220
119
3165
1240
373
172
152
3245
3811
2900
173
3952
3966
15
1610
3316
3499
1149
530
2902
932
3220
3448
1180
1159
2960
186
1712
2077
3338
1059
2439
2422
3261
2189
1366
1156
307
3626
2480
2163
2795
2991
4076
333
1851
3065
3398
967
4420
1173
542
3765
2284
1963
1764
4406
802
40
2497
3290
2801
3439
1152
2700
1336
2240
3953
2805
2454
29
3822
280
1739
1926
3257
2364
1096
3302
722
2883
2443
1217
1623
4304
4089
3321
1753
4409
388
4238
1248
560
2493
4072
1050
2593
1105
3952
3825
3744
2038
4419
2346
4323
1569
2700
771
280
469
3311
2654
3766
3327
2879
3669
3696
3782
439
412
386
3460
123
950
862
899
409
4056
3959
3444
501
1190
4026
1077
171
4233
1884
2210
4188
4304
3367
4377
2085
4394
2387
403
950
1553
387
2042
3044
488
4442
1875
2099
174
3228
3432
646
4343
1432
3767
3720
788
4092
3859
1020
3780
2333
3235
2604
2691
2971
1206
2414
2085
291
582
4197
4300
281
1429
1013
595
721
2732
3452
2557
2887
3063
19
475
4296
3945
2010
4223
3523
4072
567
4031
459
3435
3923
1259
1626
8
1612
2932
2187
806
536
1304
882
4199
2043
3669
4134
1802
3043
3129
4019
2234
3821
2580
2077
4052
3812
2139
2544
1409
1185
3905
134
503
1852
1274
2368
1304
2318
2899
3276
2550
3164
2289
717
746
134
1533
88
3698
2281
2699
4089
4026
853
1580
68
1014
3560
425
672
4363
3352
772
3812
2084
2877
3335
2211
3133
1195
105
118
471
2996
2060
2039
143
1932
1120
4205
2785
785
3950
3612
2099
2690
648
3943
3424
3460
1295
1672
4178
793
2338
844
2395
229
2026
4081
289
513
3441
391
1922
141
785
4131
1551
1236
4001
3556
3635
2354
3980
1654
4156
2607
256
143
2921
2765
3550
45
2301
1614
2372
1819
99
2198
3769
1538
2499
3197
3622
2990
4307
1800
1314
841
322
2565
4415
1331
2384
1889
4391
1952
3471
3855
1712
1573
2058
4257
2662
685
506
2969
674
527
2062
281
644
3380
90
2006
1653
1872
479
2935
2806
1445
3489
3574
4105
3534
3665
1216
2040
1641
309
480
610
3323
218
3028
2169
4228
61
1291
1909
162
2303
2357
2992
1377
305
3855
3305
4159
1176
969
1509
475
2415
3055
1231
1924
2564
4121
2623
3750
578
1051
2556
3617
1575
1559
12
2360
202
1879
3399
3264
915
3875
2361
1031
3956
637
872
3923
3858
383
748
1491
872
697
1393
942
4234
2277
2140
3427
1354
3898
2788
4132
896
3455
2108
2274
155
1462
3945
1239
1502
849
229
685
1160
1954
1901
3638
4405
3161
1518
1230
2158
687
483
4134
3328
1215
4147
3007
1075
3012
2333
746
3229
3741
268
2990
3214
3825
2768
407
2583
1905
3692
3670
3736
3531
2093
4025
4054
2860
2454
250
1645
3188
3820
2394
3357
464
368
1647
1254
1792
1975
4234
1069
1560
2257
1359
769
904
3915
2625
4367
3732
1688
431
92
1583
1100
95
2702
39
3458
2424
2835
3800
699
2084
3252
2548
527
2540
412
324
873
1706
3273
4189
2889
3280
3600
1428
3173
3366
3562
335
3122
1742
2110
1711
2296
3286
1830
671
1140
3279
1313
3527
796
1115
4060
3207
3608
3990
2781
2327
4081
1395
3914
1022
3559
1797
3049
2360
4097
513
219
2078
3472
1233
2388
51
3168
2402
2730
180
3153
2685
833
192
965
81
1156
3353
546
1248
2251
1423
1006
1323
3673
727
4351
964
4041
1687
3761
224
1681
158
3506
3199
556
2216
110
1949
2044
2517
1858
992
391
3197
2411
2435
2314
74
742
3061
4229
2506
45
2600
3710
1671
1587
3879
4031
3759
1677
3834
2938
1453
2979
1732
3017
4397
3413
46
2020
68
1380
4388
403
4038
1827
2852
3112
2833
1371
1944
1976
3522
2608
2714
1734
4005
4211
2962
3830
4016
2287
3920
4337
64
1289
1127
3335
1884
20
3316
2914
434
3856
3898
2208
638
686
173
374
1354
3732
2909
4241
2146
2758
2325
2747
2681
3322
1334
1497
379
1449
1189
3815
1417
4044
3736
4420
3121
2215
3081
4264
1456
3585
116
18
2178
4054
2370
836
515
3959
4242
2819
2863
267
1998
2941
19
133
3779
4286
3682
679
1382
1940
550
1036
2535
4250
618
1791
1562
3205
1391
2793
3326
2134
2035
3385
4357
1957
2676
541
1122
1994
2889
4292
4287
3504
3696
1645
2314
3211
1548
1738
4007
4260
2833
3862
3175
667
2198
4454
1603
4226
3460
30
1759
3722
3066
1509
3668
3421
1977
246
4181
913
3597
85
1917
285
934
2565
663
3104
3090
3245
3477
4180
3173
454
4433
2794
2805
255
1786
4240
1589
889
3140
875
2054
3265
1198
2807
1872
3591
1049
1243
1578
3083
732
831
4161
1584
3819
2093
896
2973
2438
3733
2402
1664
3190
1143
377
2910
1501
995
1557
1423
2589
2872
2502
4160
1178
3162
230
158
2738
4145
3911
497
555
1948
755
3133
4103
3041
1403
3805
406
3699
3270
2521
4290
2557
1474
3748
32
215
3249
338
2478
3136
2613
2819
48
4153
728
2978
966
1396
4254
171
1166
3102
2765
3767
1290
322
141
1593
889
3558
2813
1077
491
218
4400
4118
3471
882
457
1561
320
3053
2003
3414
1170
1403
1810
2180
1226
3734
2057
2179
4155
974
1369
384
925
2703
2673
4306
1329
1290
1807
3178
1474
2214
1000
1168
2433
2771
2162
2143
537
1740
719
4182
3308
4381
2009
1268
3707
3026
3526
4354
3569
1190
203
1737
2831
1871
280
3039
640
365
2063
3538
3660
1890
4383
2097
1162
610
180
1336
958
3970
4159
1778
316
58
838
2122
1011
1277
2034
1258
1747
4455
2720
1699
3281
1363
361
1155
1911
1241
2266
4177
3507
1377
4146
2517
2416
1918
284
548
1544
2749
1739
3191
3972
499
3158
2207
3407
4144
2245
2748
3136
3140
2473
4106
2499
282
1227
3582
893
3129
2686
4287
491
2208
3637
4183
231
2573
1272
2877
4271
3748
1729
947
3136
1960
5
1748
2061
742
1064
3331
651
2101
1030
1313
152
1925
3131
2276
1274
2302
66
1915
778
4203
567
134
2521
4275
4418
4032
3645
1333
2163
2888
3758
2149
1590
1809
801
4334
1605
3458
2727
2858
2423
1081
3338
4085
674
4301
1795
1100
411
4163
2568
3306
1855
1080
1744
752
2776
2273
3039
3998
2077
355
4385
4455
418
2162
3477
3816
1536
4000
3432
703
3264
3869
1624
2281
1296
2495
2325
3046
2834
1070
4208
1143
1533
1983
4061
3981
2909
484
20
463
1496
3469
913
3885
3884
3026
1452
31
781
3695
940
1456
3208
2624
305
2138
268
570
4038
3958
3695
3550
1370
2195
2635
275
1330
2016
2033
732
2493
496
3964
1617
1481
4448
69
308
3442
3447
1844
1257
1551
1567
2784
512
2287
2866
426
1070
570
1927
3914
2208
1115
2302
4266
521
2671
2060
3016
3759
36
611
894
692
1656
1109
3129
973
3840
2195
1159
4202
1731
1535
3756
3292
3263
1961
1301
4026
4365
2643
275
939
1506
3133
1376
2252
1850
618
1960
2932
4408
1347
3146
3871
666
2917
24
2470
3246
165
1100
1167
4184
2884
3842
1238
3732
2636
2354
180
2048
3747
2319
4445
898
2801
1435
1338
3324
4349
222
768
3182
1230
4002
4201
372
1469
357
61
1149
239
677
452
634
270
3107
3447
3090
379
2716
475
3513
1716
3222
4183
2670
1625
3915
3778
1689
1993
1169
1805
3836
789
3622
2507
1529
3114
2095
1454
2904
4279
2349
2645
927
3787
396
2470
1199
1543
2604
1017
521
561
2895
3362
4124
3058
1672
219
676
4078
2717
4454
4089
2380
4023
3514
3478
3664
134
430
656
767
13
874
4285
4007
1352
132
109
1823
3701
3976
3448
650
157
3644
1575
47
1388
4371
2254
179
550
2276
2460
802
1162
281
4285
872
3849
3977
2053
1144
2133
3665
2628
1647
2612
2590
4011
156
2350
1024
2774
180
3566
1136
1519
3172
2840
679
4002
1629
343
1589
1090
3418
275
1615
322
3852
2896
327
3371
3570
646
1333
2984
4393
1160
3948
2751
3748
483
473
2812
2589
3449
3058
1235
550
935
2339
213
3926
852
2238
3469
467
2888
1076
1507
1426
3685
2337
1694
2242
3150
1174
1177
2521
1446
7
4251
3595
3677
1222
568
3440
2817
2108
2969
3692
1826
1629
832
1736
971
2081
134
1061
94
3483
3122
1580
2659
1645
4031
3280
3409
2039
971
963
4410
3173
4176
3075
4282
2753
128
2236
1507
1845
3814
1664
550
1045
1542
1283
656
484
1141
2833
4222
3045
3163
2141
3024
3930
1911
176
1357
3442
1329
321
3472
4130
1905
3216
697
1191
3332
2999
1561
846
1006
1943
1344
3515
1041
159
1879
1454
2447
40
890
93
2836
3402
2904
2331
1281
2096
2898
2161
2448
954
1499
1301
4263
4244
942
4053
3811
162
2937
2779
2732
1862
2070
1963
2158
4323
18
3773
450
3985
1344
846
956
2040
4318
1815
1895
3769
835
1402
717
992
1735
2699
2604
2105
2726
3446
1196
3109
3764
2874
1960
3817
1397
1359
2840
2398
178
2292
3548
2330
1697
3273
2144
4043
349
1415
2528
1531
1497
410
3659
1293
452
2822
3244
3474
2978
554
1818
3949
1390
1283
2939
2363
2072
668
2460
1386
1668
2020
1962
2134
1024
3224
3070
2027
2972
4444
561
2278
3122
1294
738
3708
485
3586
2542
4301
883
3516
792
2457
3537
2036
4331
3124
3612
725
3605
4016
1296
2349
1378
1754
2483
3350
445
3951
438
3437
3876
2101
218
3871
3390
2832
2007
2167
1446
2279
1937
1847
123
559
2659
507
2038
914
3108
1831
2980
3725
1322
2321
74
2297
2639
1375
229
3682
1201
1358
4245
995
4171
1583
2812
722
3972
399
3047
811
1833
3802
3067
1251
3815
1465
3471
1676
1450
1256
3318
332
1992
943
53
1308
1482
269
1648
1600
4219
3563
3086
3300
4361
689
508
2255
29
2612
3776
3418
223
360
4071
2755
1845
1657
2237
1684
3240
3993
4182
4326
2087
2710
3131
1593
2966
3154
3251
4459
593
3002
2965
1274
3862
1096
3653
1671
1694
1226
1402
527
4382
2609
1960
2026
445
814
3016
4330
4348
3322
4336
2284
749
4415
4131
2969
3083
1075
3380
841
3218
3139
1611
2131
396
1799
4378
3820
1776
3595
3715
2174
3196
1271
150
3976
1497
1900
2947
3674
3548
3366
647
1074
2630
2885
2506
3500
766
2733
2979
3694
3806
657
354
495
2844
1665
464
1952
2728
3849
1414
532
4314
3335
1426
3080
4419
2665
107
3822
2774
664
2569
3134
1578
2295
3908
2235
3050
2297
3433
2107
2102
1527
1411
2122
1060
3616
3230
156
2678
1022
407
838
2258
3512
2739
2280
2376
1098
3564
3207
3467
2258
2750
771
3146
1976
3844
1830
1809
4087
2408
2808
2251
673
1053
2295
3720
2032
2725
2190
3253
3452
284
1969
2072
998
1065
812
3563
1142
3923
3640
2311
971
1982
4383
623
316
3318
1078
2663
1838
3773
1655
4135
1338
1052
1383
3284
3721
3792
1900
742
1288
901
4051
3646
2327
253
3226
3579
4253
2233
1969
1401
617
2296
3513
2924
418
4011
3123
4128
1191
864
3849
1375
3227
2877
2636
48
3742
2640
3675
1391
1885
4265
3800
2813
2692
979
3721
4446
3413
3566
3812
3670
3216
3941
4289
1958
957
2890
3186
1527
3457
3106
3015
1294
2108
153
766
1263
3445
2519
3871
1146
2429
