66
53
179
110
13
118
119
4
177
147
143
51
87
201
80
66
200
44
87
30
108
142
126
58
46
192
192
202
153
42
66
52
84
84
187
114
160
29
77
100
115
16
149
49
38
126
14
31
120
172
88
128
177
124
149
132
99
98
130
9
204
84
203
123
92
101
159
102
87
114
199
20
130
130
29
193
139
66
85
38
18
6
144
87
156
48
143
42
173
33
120
106
44
172
30
67
111
82
6
113
119
116
153
73
42
10
16
98
27
85
157
191
0
127
63
199
29
191
92
84
54
169
180
118
50
158
78
73
115
57
33
180
127
171
52
168
126
109
120
148
96
164
5
40
143
57
31
21
176
132
26
136
24
23
134
54
33
15
168
157
48
69
140
22
173
36
105
80
83
147
166
42
141
39
161
156
52
11
7
90
168
133
165
41
202
43
132
42
125
72
38
135
179
161
167
75
184
112
80
72
7
146
178
25
117
200
107
32
70
88
64
19
110
110
122
195
139
198
36
41
155
114
163
19
71
91
46
88
94
60
89
112
102
85
0
34
198
185
167
109
6
107
96
144
16
175
107
1
4
184
124
179
135
135
119
31
159
177
4
5
53
77
31
47
30
62
198
90
42
152
22
171
67
83
98
68
194
48
59
44
140
81
31
56
85
142
38
132
30
96
99
42
96
79
57
40
39
145
149
153
74
103
52
29
99
138
108
55
81
88
95
34
136
150
127
143
95
70
25
60
168
56
123
64
158
63
22
101
56
55
162
190
10
81
184
109
153
59
109
21
47
60
63
142
66
23
83
7
117
59
149
129
154
79
25
33
40
113
132
178
180
62
2
159
113
83
46
95
36
36
114
44
188
50
20
18
53
123
170
103
143
41
129
22
73
38
35
28
44
152
172
34
110
137
148
15
196
162
153
156
143
71
73
63
145
32
11
130
19
2
122
31
22
37
21
16
97
66
177
200
76
101
107
46
48
22
53
169
8
30
70
29
73
142
3
112
101
192
186
182
106
44
129
181
95
120
133
119
107
138
55
93
38
172
14
150
133
134
0
104
114
161
81
137
103
192
121
33
19
135
47
121
203
115
132
89
46
192
132
153
107
12
105
107
33
50
134
144
122
155
156
67
148
202
67
73
104
167
76
66
104
95
129
2
19
179
64
181
23
45
167
55
85
176
20
124
182
5
79
14
59
30
1
196
152
3
102
183
59
115
21
8
52
49
180
51
112
41
153
86
52
42
158
75
73
60
46
201
136
112
65
127
165
188
5
7
172
176
86
187
175
15
198
152
3
31
178
120
27
23
35
94
137
59
140
36
196
90
193
86
41
14
21
98
88
124
14
171
132
191
116
125
115
63
66
22
73
176
51
177
59
131
169
61
147
149
27
40
78
26
89
60
52
169
91
124
115
87
116
42
146
82
96
81
193
196
101
67
26
145
195
48
187
30
108
194
147
26
24
101
113
80
103
195
199
144
196
131
95
109
37
42
27
197
101
59
199
97
0
44
11
179
174
136
30
83
46
55
135
30
144
71
98
161
104
70
109
46
194
79
33
43
115
193
29
197
145
120
32
114
159
108
149
96
192
21
18
160
63
175
142
12
111
45
114
41
171
98
145
155
84
32
193
112
184
107
40
59
104
31
0
46
93
53
53
116
59
85
185
193
101
159
87
24
115
30
26
26
135
8
174
49
159
177
128
94
62
181
36
56
102
180
74
4
48
77
69
164
144
25
150
12
156
163
156
178
53
120
117
100
146
17
181
117
71
114
125
159
119
121
134
179
90
112
3
60
110
6
27
81
109
149
153
97
194
135
73
20
195
181
136
149
124
190
129
192
61
130
173
184
174
45
91
33
121
109
69
203
116
149
36
55
48
200
120
57
40
188
47
66
113
188
161
49
77
137
123
171
175
92
159
182
114
145
199
43
115
52
73
157
49
8
53
96
114
129
91
174
22
9
197
123
39
50
80
78
141
26
190
5
63
195
27
57
162
7
56
80
36
13
40
89
96
179
16
117
140
130
71
50
28
173
76
63
183
163
70
147
171
194
5
45
103
182
106
55
56
79
150
189
191
40
160
62
30
40
96
200
169
15
119
60
151
139
68
157
88
133
183
160
68
137
184
148
77
156
143
55
163
31
192
49
162
176
161
175
33
63
126
152
136
80
5
9
98
18
84
172
91
150
73
17
37
76
103
173
86
91
49
125
194
20
97
204
152
35
31
93
52
116
164
67
102
44
185
17
190
95
178
197
10
133
52
106
86
10
126
136
105
154
126
159
157
196
108
23
102
78
83
178
29
57
142
92
146
162
30
157
28
126
89
56
147
51
190
138
202
20
84
69
95
196
104
101
21
120
89
60
108
29
158
171
128
46
146
56
1
132
21
118
124
156
55
160
37
73
110
10
149
63
20
107
173
12
199
16
192
98
132
142
185
20
125
18
46
142
129
143
61
193
191
141
192
162
112
169
200
4
107
158
156
137
189
157
142
154
192
134
130
163
0
2
163
141
37
79
95
34
86
127
66
116
11
117
38
9
60
79
20
194
99
144
186
156
166
149
204
6
81
195
92
185
151
39
10
119
57
156
130
135
129
59
11
178
175
196
112
143
3
102
85
179
136
85
42
165
127
106
127
202
102
158
92
84
101
68
33
196
70
40
74
41
73
191
6
191
65
174
50
28
145
63
37
163
30
136
75
88
65
140
13
65
160
62
159
12
22
62
150
189
32
1
99
90
83
172
59
5
12
71
202
30
1
38
52
105
6
71
77
147
57
133
163
14
49
34
98
190
88
51
198
117
3
111
164
4
139
72
118
27
15
145
118
51
35
116
200
169
57
101
113
94
160
23
191
65
13
74
135
184
44
100
34
62
98
19
44
136
157
171
47
34
76
106
175
116
197
36
177
168
27
32
149
41
150
171
151
167
82
143
93
172
28
81
176
33
133
88
57
25
85
90
135
156
62
174
191
186
160
129
110
130
20
52
29
142
179
88
39
96
59
146
189
101
198
137
126
154
14
137
189
57
109
29
16
165
29
75
6
72
27
4
43
158
151
186
30
188
140
140
18
32
162
71
25
23
20
29
162
161
22
9
82
202
160
116
72
131
82
113
48
58
41
66
97
177
117
133
106
37
50
201
45
201
26
25
40
97
166
113
180
137
48
78
31
61
143
121
36
165
57
10
187
138
40
50
56
0
185
113
198
155
178
174
154
125
49
101
135
13
123
57
47
147
91
1
33
64
179
88
118
28
33
53
129
24
111
21
85
27
111
190
0
160
191
88
163
100
195
93
124
180
43
165
155
119
133
80
195
75
7
195
176
74
12
22
128
139
128
31
191
130
84
124
195
51
164
53
24
112
116
191
124
92
199
155
178
203
182
35
85
91
132
103
48
105
11
12
14
37
65
115
138
162
32
98
191
16
104
148
116
79
58
20
53
163
198
113
193
76
190
143
2
182
13
74
112
167
118
116
190
174
187
77
74
59
197
33
58
10
110
74
87
167
73
104
45
28
81
35
101
117
76
107
78
1
176
18
115
133
2
139
191
38
39
7
183
184
191
126
124
188
46
162
3
193
118
142
43
20
95
81
22
90
163
121
118
80
17
141
30
159
70
104
12
175
126
130
58
86
174
190
61
154
122
156
126
121
104
154
114
19
65
86
32
108
199
154
190
105
163
124
96
12
46
25
186
174
137
163
4
33
57
192
77
145
44
135
104
173
25
51
18
178
63
111
41
47
52
70
134
38
19
130
82
105
59
159
137
121
3
102
107
104
128
18
176
97
86
102
59
76
139
133
37
161
24
69
127
110
28
71
173
141
116
149
97
86
46
20
12
204
61
92
166
56
4
107
34
89
158
170
160
91
174
93
122
163
109
159
177
76
32
46
194
25
96
17
45
110
121
151
4
86
82
174
47
148
131
47
115
68
37
170
184
12
96
13
59
171
172
131
24
178
202
187
199
129
80
31
62
153
201
79
170
157
100
0
11
190
172
82
147
97
56
132
38
5
195
135
37
61
126
12
75
139
107
167
150
199
12
132
56
0
175
69
152
141
88
40
50
144
110
29
10
183
116
116
166
120
193
113
70
108
116
196
146
84
154
146
45
194
32
49
162
94
172
140
142
16
201
13
179
157
127
46
33
80
26
75
135
161
141
44
180
152
106
23
29
185
81
59
116
78
102
126
41
86
91
108
186
40
38
117
107
15
6
131
60
167
17
27
66
74
126
164
151
56
42
157
160
194
121
87
62
121
24
194
41
145
108
4
113
167
60
131
152
81
202
111
159
187
127
60
51
75
104
29
57
38
76
199
94
66
194
200
118
154
27
49
23
181
65
95
85
178
125
90
166
38
120
148
28
52
146
111
31
23
88
8
4
31
99
44
137
64
192
201
29
161
0
93
164
199
12
26
168
137
169
24
71
100
17
181
70
26
86
14
115
23
36
10
98
93
128
41
10
6
12
153
188
69
175
89
133
197
171
2
56
157
21
197
36
152
198
114
4
11
170
172
113
195
55
125
203
154
99
187
12
123
184
83
35
169
104
174
56
25
112
147
141
49
55
186
180
19
168
163
22
55
56
147
54
86
197
99
32
69
21
172
172
6
107
151
159
89
71
175
118
27
116
80
48
119
11
45
192
181
192
162
12
171
19
32
26
200
42
203
142
2
29
86
198
178
173
189
14
182
131
173
38
70
122
149
75
22
139
87
180
77
57
128
160
105
112
71
33
54
67
58
139
30
189
163
194
194
13
136
141
30
92
74
150
116
158
129
76
52
113
185
48
81
188
127
9
148
123
44
11
34
7
84
76
22
69
96
166
97
69
86
10
97
135
124
3
142
162
128
179
55
119
167
150
18
169
194
41
92
197
55
135
144
65
126
190
57
155
203
43
90
153
165
111
191
183
78
63
99
114
177
187
197
36
49
122
22
67
159
169
108
173
154
3
125
63
86
191
162
164
107
145
139
196
179
103
155
155
150
139
150
93
91
99
74
91
34
26
116
33
7
41
8
112
167
187
113
167
138
116
120
201
106
71
29
173
141
166
37
65
117
142
54
129
102
79
78
201
97
179
17
155
92
13
58
197
9
183
11
24
54
183
48
52
123
133
66
194
114
143
148
65
113
173
187
58
18
158
185
60
70
19
30
102
191
21
9
15
13
117
11
94
70
188
192
93
160
109
186
161
181
30
88
159
67
60
149
67
194
109
38
179
61
8
197
31
17
121
198
162
43
102
3
51
56
77
172
169
34
1
10
127
128
109
53
54
1
197
14
116
100
116
121
157
185
112
45
174
144
115
121
204
80
2
22
39
64
31
144
158
137
181
164
129
182
182
53
24
186
193
33
67
117
176
151
148
169
74
101
187
100
152
149
139
57
68
22
47
121
138
178
151
59
200
170
59
161
7
6
68
37
179
12
144
183
64
103
40
121
183
149
64
187
157
111
165
85
37
111
160
31
177
128
60
162
78
127
188
39
127
71
94
10
203
86
132
59
24
115
194
38
103
18
155
149
138
26
119
126
83
167
173
192
70
90
6
135
160
162
125
200
23
91
53
7
0
42
193
178
160
170
201
58
35
108
68
173
102
5
48
40
201
67
172
132
156
114
170
170
193
90
67
137
115
62
142
138
142
203
108
184
158
68
30
96
188
181
137
69
28
26
33
91
200
195
97
97
21
16
191
50
22
78
148
164
180
104
159
86
119
56
93
5
194
32
144
70
138
164
86
158
77
100
176
92
87
93
54
141
105
169
197
141
27
134
39
64
8
154
25
169
173
17
35
124
174
45
164
70
170
133
192
86
58
143
55
156
63
20
15
178
176
103
57
9
3
152
153
49
204
35
7
29
163
105
3
2
138
102
79
125
87
202
159
165
61
38
172
53
26
165
185
168
44
44
170
60
79
45
159
166
49
95
51
60
127
95
1
196
14
130
168
118
108
127
86
10
6
0
78
141
34
189
68
23
112
165
114
150
60
17
1
117
103
76
54
41
0
38
193
170
172
166
166
15
73
105
200
71
38
83
92
44
23
5
61
23
177
19
130
2
12
166
17
20
31
12
35
0
189
81
18
35
154
118
106
103
162
155
185
104
99
40
97
27
24
107
192
102
17
13
25
171
146
31
180
186
87
156
127
194
167
200
17
164
102
4
179
194
80
7
160
83
178
172
131
135
61
104
158
142
76
58
90
148
144
175
54
100
30
179
44
0
19
151
108
82
180
203
31
63
190
69
100
172
159
193
23
95
182
170
184
185
161
107
138
76
184
150
18
31
87
19
176
159
28
156
21
139
65
142
130
5
162
40
195
101
200
104
204
28
54
202
78
70
78
180
172
51
151
0
147
81
198
68
48
155
133
148
47
140
114
185
181
134
33
179
115
111
201
200
168
69
158
69
72
16
90
3
167
95
148
11
43
113
159
9
73
113
181
185
145
122
38
78
134
94
72
25
195
55
203
42
136
112
51
98
124
114
135
59
34
74
80
114
131
167
122
56
157
54
147
58
92
14
76
28
137
64
118
68
59
36
199
45
180
35
135
18
60
64
139
84
106
62
66
150
26
50
42
155
17
176
22
169
30
78
137
154
145
180
70
17
80
199
152
189
84
202
45
51
54
148
146
203
164
38
9
157
120
169
91
63
9
63
148
94
31
41
75
204
37
179
126
198
80
2
48
46
157
145
176
92
171
12
72
76
157
97
42
187
140
114
58
156
189
135
83
184
3
49
79
92
89
122
33
192
119
44
51
136
140
100
141
29
27
89
93
154
51
99
14
112
51
23
203
87
82
199
41
88
